1438633224 8786 13 8 0 1 1 0 4814 6181 5126 4634 4881 5024 5991 4631 5409 7468 4781 5840 5627 4063 5917 4812 4911 5656 5224 5096 5211 3833 5395 4853 5430 4412 5105 4970 5936 5627 5607 6172 5940 18092 5343 5337 
1438633224 8786 248 8 0 1 1 0 4939 9947 5172 5932 4901 6093 5983 4574 5397 7140 4777 6325 5680 5329 5948 5790 4918 5578 5223 5073 5204 4848 5431 5611 5448 4861 5121 5290 5949 6145 5624 6618 6011 20590 5355 5594 
1438633224 8786 249 8 0 1 1 0 4855 7031 5145 5058 4851 4886 5988 4432 5394 7312 4767 5753 5633 3859 5913 4883 4914 5670 5209 5228 5212 4245 5424 5761 5451 4752 5121 5144 5934 6157 5625 6542 5783 13184 5344 5381 
1438633224 8786 250 8 0 1 1 0 4840 6496 5167 5691 4875 4903 5999 4194 5379 7170 4745 5125 5668 4943 5918 4721 4904 5687 5216 5130 5202 4036 5405 5275 5459 5042 5124 5495 5959 6338 5630 6813 5806 14068 5515 10484 
1438633224 8786 251 8 0 1 1 0 4873 7637 5154 5508 4896 6325 5994 4771 5428 7917 4798 6509 5679 5460 5950 5813 4916 5605 5224 5083 5218 4041 5409 5206 5452 4851 5114 5392 5955 6170 5620 6618 6256 28446 5367 5801 
1438633224 8786 252 8 0 1 1 0 4874 7839 5154 5581 4873 5145 5987 4923 5420 7802 4779 5762 5649 5041 5966 6284 4918 5610 5218 5153 5220 4802 5419 5176 5435 4535 5119 4858 5942 5762 5614 6293 6598 39325 5410 7155 
1438633224 8786 253 8 0 1 1 0 4870 7272 5130 4857 4878 5028 5969 4138 5396 7932 4755 5355 5685 5821 5920 5000 4930 5530 5209 5168 5209 4093 5417 5238 5454 4586 5110 5212 5947 5913 5623 6303 6209 26763 5361 5922 
1438633224 8786 254 8 0 1 1 0 4847 6928 5111 4061 4849 4761 5955 3453 5425 8265 4829 7949 5648 4507 5890 4203 4918 5630 5220 5118 5208 4118 5429 5750 5443 4883 5123 5304 5945 6160 5612 6771 5860 15907 5340 5202 
1438633224 8786 255 8 0 1 1 0 4807 5692 5154 5069 4884 5780 6007 5225 5428 8135 4786 6098 5623 3827 5915 4371 4920 5569 5216 5118 5227 4542 5420 5767 5439 4917 5126 5242 5945 6126 5619 6637 5865 16064 5347 5089 
1438633224 8786 0 8 0 1 1 0 4813 5649 5141 4779 4889 5777 5969 3946 5405 6681 4767 5872 5629 3998 5904 4638 4921 5604 5219 5099 5238 4961 5433 5818 5424 4550 5107 4890 5952 5634 5618 6192 5980 19519 5338 5076 
1438633224 8786 1 8 0 1 1 0 4819 6301 5146 5319 4922 6567 5992 4678 5426 8199 4782 6541 5671 5545 5950 5424 4923 5577 5221 5093 5215 4349 5444 5878 5431 4569 5098 5073 5942 5781 5608 6341 6420 33618 5384 6407 
1438633224 8786 2 8 0 1 1 0 4791 5483 5105 4146 4866 5350 5996 4493 5413 7590 4779 5974 5628 4546 5889 4458 4925 5580 5216 5149 5238 4942 5396 5051 5445 4745 5132 5188 5958 5962 5632 6476 5963 18967 5351 5541 
1438633224 8786 3 8 0 1 1 0 4856 6903 5154 5613 4896 5954 5994 4543 5398 7152 4775 5844 5675 5042 5927 5182 4930 5563 5219 5105 5211 4363 5409 5262 5454 5101 5107 5645 5966 6286 5625 6894 6366 31766 5393 6713 
1438633224 8786 4 8 0 1 1 0 4844 6683 5137 4642 4881 5133 5990 4511 5383 7135 4770 5340 5631 3681 5922 5087 4915 5631 5212 5172 5229 4984 5428 5701 5447 5070 5121 5458 5960 6255 5636 6777 5905 17314 5337 4987 
1438633224 8786 5 8 0 1 1 0 4811 5565 5146 4605 4846 4751 5975 4233 5425 8412 4773 6033 5667 4874 5917 4896 4931 5537 5214 5139 5225 4432 5427 5894 5456 5066 5137 5446 5965 6266 5635 6774 5941 18230 5331 4739 
1438633224 8786 6 8 0 1 1 0 4870 7535 5145 5038 4873 5688 5987 4537 5376 6700 4747 5110 5673 5801 5904 4892 4925 5571 5218 5132 5220 4317 5413 5210 5457 5150 5116 5648 5972 6227 5628 6595 5927 17901 5344 5076 
1438633224 8786 7 8 0 1 1 0 4803 4827 5107 4041 4852 4579 5949 3447 5365 6098 4765 5323 5639 4337 5907 4336 4926 5540 5211 5164 5235 4869 5421 5413 5458 4641 5107 5205 5954 5978 5615 6459 5621 8111 5346 5009 
1438633224 8786 8 8 0 1 1 0 4831 6390 5162 5414 4863 5204 5979 4500 5380 6688 4759 5847 5638 4284 5900 4516 4931 5519 5229 5024 5221 4284 5430 5547 5432 4483 5109 4885 5944 5635 5609 6222 6104 23542 5347 5547 
1438633225 8786 9 8 0 1 1 0 4830 6020 5134 4932 4866 5090 5987 4166 5413 7415 4797 6923 5684 5757 5993 7741 4915 5637 5216 5159 5227 4479 5421 5297 5445 5138 5133 5381 5959 6286 5633 6812 6362 31850 5389 6567 
1438633225 8786 10 8 0 1 1 0 4801 5725 5105 3787 4851 4594 5984 4186 5365 6099 4765 5740 5650 4799 5913 4379 4916 5617 5219 5113 5210 3964 5414 5228 5434 4446 5118 4783 5935 5660 5614 6165 5837 15117 5335 4875 
1438633225 8786 11 8 0 1 1 0 4894 8056 5209 7024 4944 7426 6007 5097 5521 11234 4852 8263 5752 7346 6006 7486 4925 5554 5220 5086 5224 5037 5408 5278 5462 4953 5120 5488 5950 6308 5627 6751 7159 57008 5498 10166 
1438633225 8786 12 8 0 1 1 0 4848 6482 5125 4197 4856 5020 5966 4072 5383 7024 4760 5402 5653 4220 5907 4717 4916 5622 5219 5103 5244 4804 5438 5934 5462 5022 5128 5514 5968 6277 5629 6862 5754 12360 5327 4794 
1438633225 8786 13 8 0 1 1 0 4813 5595 5157 5416 4914 6229 5965 3954 5392 6954 4799 6800 5637 4146 5936 5557 4923 5594 5213 5192 5225 4765 5416 5790 5446 4424 5105 4962 5939 5724 5602 6156 5992 19801 5357 5625 
1438633225 8786 14 8 0 1 1 0 4834 6380 5167 5820 4873 5314 5978 4293 5360 6480 4749 4911 5661 5185 5896 4304 4921 5605 5222 5073 5230 4644 5422 5699 5456 5056 5127 5500 5958 6342 5641 6768 5892 16818 5330 4825 
1438633225 8786 15 8 0 1 1 0 4902 8573 5242 7971 5006 9892 6011 5141 5459 9639 4862 8997 5763 8406 6008 7969 4917 5612 5219 5137 5231 4570 5401 5308 5461 4675 5116 5243 5949 6037 5614 6430 7755 65535 5477 9600 
1438633225 8786 16 8 0 1 1 0 4799 5286 5106 4113 4868 5168 5957 3477 5377 6801 4778 6108 5650 4550 5910 4746 4920 5591 5233 5006 5242 4887 5401 4897 5440 4326 5093 4906 5939 5545 5619 6036 5961 18946 5340 5176 
1438633225 8786 17 8 0 1 1 0 4833 6558 5121 4646 4865 5325 5982 4116 5379 6439 4747 5331 5644 4405 5892 4826 4920 5650 5222 5099 5199 3846 5430 5886 5429 4648 5104 4948 5948 5756 5619 6264 5881 16380 5378 6287 
1438633225 8786 18 8 0 1 1 0 4813 5721 5129 4592 4841 4507 5965 3636 5408 7070 4775 5903 5623 3857 5914 4429 4912 5651 5212 5186 5206 3868 5420 5842 5445 4989 5126 5297 5975 6047 5631 6642 5884 16341 5339 4885 
1438633225 8786 19 8 0 1 1 0 4870 7136 5123 4647 4881 5260 5992 4389 5366 6690 4801 6827 5646 4432 5912 4627 4928 5551 5219 5101 5234 4889 5422 5227 5435 4277 5096 4943 5948 5516 5608 6049 5903 17304 5332 5165 
1438633225 8786 20 8 0 1 1 0 4837 6306 5106 3815 4855 4855 5963 3946 5410 7280 4749 5429 5634 3752 5934 5561 4930 5535 5203 5265 5240 4994 5418 5032 5458 5054 5123 5455 5954 6323 5635 6609 5898 16898 5333 4941 
1438633225 8786 21 8 0 1 1 0 4839 6396 5182 6096 4937 7548 5978 4624 5410 7514 4767 5790 5687 5080 5901 4627 4921 5599 5209 5226 5225 4881 5429 5896 5450 4963 5116 5346 5949 6122 5633 6520 6299 29518 5387 6600 
1438633225 8786 22 8 0 1 1 0 4845 6652 5127 4384 4860 4853 5955 3552 5396 7235 4778 6258 5633 3879 5915 4660 4923 5606 5205 5213 5231 4816 5398 5063 5426 4389 5084 4913 5929 5640 5616 6000 5820 14397 5333 4881 
1438633225 8786 23 8 0 1 1 0 5000 11498 5187 6207 4868 5270 5988 4166 5398 7326 4755 5733 5642 4674 5923 5144 4924 5551 5227 5104 5235 4999 5408 5229 5465 5058 5121 5564 5956 6304 5631 6790 6111 23830 5368 5933 
1438633225 8786 24 8 0 1 1 0 4862 7226 5141 4871 4856 5047 5988 4572 5394 7025 4758 5289 5634 3692 5902 4622 4917 5618 5216 5134 5196 4038 5398 5084 5428 4549 5097 4947 5947 5624 5619 6139 5825 14647 5347 5413 
1438633225 8786 25 8 0 1 1 0 4829 6196 5162 5764 4881 5461 5992 4569 5409 7433 4803 6965 5667 5400 5923 4835 4927 5538 5210 5175 5236 4948 5410 5160 5434 4565 5101 5036 5948 5754 5614 6313 5979 19479 5342 5130 
1438633225 8786 26 8 0 1 1 0 4856 6638 5169 5422 4861 4906 5982 4354 5396 7155 4766 5500 5637 4222 5903 4648 4918 5619 5211 5181 5220 4214 5411 5264 5428 4414 5115 4790 5942 5565 5609 6053 5766 12812 5339 4877 
1438633225 8786 27 8 0 1 1 0 4856 7237 5144 5255 4896 6000 6013 5151 5393 7495 4783 5968 5656 5020 5909 4459 4918 5608 5219 5149 5209 4004 5411 5220 5427 4523 5102 4960 5946 5676 5607 6246 6351 31349 5376 6068 
1438633225 8786 28 8 0 1 1 0 4809 5628 5123 4185 4842 4147 5961 3404 5382 7117 4758 5775 5662 4779 5922 4718 4924 5598 5210 5183 5216 4264 5411 5272 5422 4461 5109 4800 5949 5630 5613 5997 5790 13507 5335 4969 
1438633225 8786 29 8 0 1 1 0 4792 5544 5131 4652 4869 4701 5973 4339 5414 7859 4765 5785 5624 4294 5897 4498 4908 5649 5221 5060 5214 4144 5424 5858 5437 4284 5096 4750 5936 5529 5605 6079 5789 13446 5334 4568 
1438633225 8786 30 8 0 1 1 0 4845 6590 5165 5695 4915 6346 5981 4392 5374 6522 4756 5372 5641 4467 5909 4695 4932 5500 5215 5109 5207 4310 5404 5216 5449 5042 5120 5444 5964 6239 5627 6747 5808 13804 5329 4826 
1438633225 8786 31 8 0 1 1 0 4873 7475 5157 5386 4877 5574 5988 4314 5398 6996 4769 5947 5677 5336 5932 5055 4921 5611 5229 5066 5223 4447 5413 5321 5436 4600 5112 5093 5945 5922 5624 6304 6286 29136 5369 5968 
1438633225 8786 32 8 0 1 1 0 4865 6821 5140 4797 4889 5559 5963 4056 5426 8565 4800 6363 5669 5416 5908 4709 4918 5585 5230 5071 5241 4859 5429 5765 5450 4842 5107 5369 5951 6123 5619 6626 6855 47279 5405 7096 
1438633225 8786 33 8 0 1 1 0 4875 7266 5138 4545 4850 4574 5973 4099 5383 7157 4755 5518 5627 4076 5904 4850 4915 5624 5217 5133 5204 3966 5416 5601 5454 4766 5118 5232 5955 5938 5626 6469 5919 17498 5346 5208 
1438633225 8786 34 8 0 1 1 0 4798 5416 5137 4288 4839 4270 5955 3673 5381 6789 4759 5624 5626 4135 5922 5688 4921 5592 5220 5111 5220 4879 5425 5891 5433 4468 5101 4896 5934 5729 5618 6098 5981 19490 5358 5707 
1438633225 8786 35 8 0 1 1 0 4831 6565 5138 4741 4874 5650 5987 4344 5376 7049 4767 5319 5625 3742 5896 4338 4924 5574 5210 5187 5219 4113 5417 5282 5439 4309 5107 4769 5944 5529 5613 6038 5794 14007 5332 4875 
1438633225 8786 36 8 0 1 1 0 4822 6140 5140 5064 4997 8910 5987 4779 5378 5902 4782 6266 5644 4094 5915 4931 4927 5561 5207 5173 5231 4121 5444 5864 5459 5001 5114 5582 5969 6225 5620 6073 5854 15564 5346 5329 
1438633225 8786 37 8 0 1 1 0 4837 6784 5144 4882 4853 4868 5969 3859 5362 6681 4762 5233 5629 4224 5908 4525 4930 5534 5211 5171 5223 5040 5416 5036 5451 4896 5116 5369 5964 6134 5617 6661 5815 14386 5480 9710 
1438633225 8786 38 8 0 1 1 0 4795 5213 5167 5555 4852 4383 5976 4212 5436 8104 4751 5080 5639 3989 5912 4989 4924 5594 5222 5145 5200 4201 5418 5690 5419 4459 5109 4784 5941 5546 5614 6048 6039 21296 5363 5836 
1438633225 8786 39 8 0 1 1 0 4800 5237 5158 4982 4866 5283 5986 3616 5378 7062 4746 5349 5629 3905 5909 4701 4920 5600 5223 5107 5206 4207 5392 5069 5461 4964 5124 5504 5972 6241 5617 6923 5766 12808 5325 4817 
1438633225 8786 40 8 0 1 1 0 4790 5486 5117 4246 4867 5180 5966 3582 5391 6936 4752 5345 5660 4953 5909 4884 4913 5670 5214 5163 5322 8069 5430 5901 5599 9672 5300 10832 5947 5867 5633 6327 5992 19894 5341 5103 
1438633225 8786 41 8 0 1 1 0 4812 5649 5119 4211 4855 4460 6006 4645 5453 8684 4780 5963 5637 4048 5914 4747 4929 5558 5227 5095 5205 4111 5395 5164 5450 4922 5120 5523 5950 6242 5629 6765 6107 23662 5355 5630 
1438633225 8786 42 8 0 1 1 0 4902 8269 5163 5796 4848 4510 5954 3481 5408 7489 4763 5593 5630 3948 5899 4747 4924 5586 5216 5153 5217 4285 5404 5013 5453 5068 5127 5536 5951 6312 5631 6839 5854 15427 5338 5291 
1438633225 8786 43 8 0 1 1 0 4802 5624 5126 4308 4845 4102 5951 3558 5427 8278 4772 6018 5660 5163 5915 5074 4915 5630 5207 5195 5235 4773 5389 4977 5446 5035 5119 5446 5953 6295 5624 6753 6304 29641 5359 5699 
1438633225 8786 44 8 0 1 1 0 4851 6407 5136 4993 4876 5240 5973 4351 5361 6345 4758 5426 5620 3815 5935 5345 4915 5622 5223 5086 5225 4369 5396 4880 5458 5033 5127 5429 5955 6273 5627 6820 5780 13282 5329 4729 
1438633225 8786 45 8 0 1 1 0 4867 7422 5152 5580 4861 4888 5979 4324 5378 6405 4825 7421 5631 4262 5908 4436 4928 5556 5222 5094 5225 5030 5419 5781 5454 4794 5122 5271 5949 6050 5626 6620 5734 11743 5323 4609 
1438633225 8786 46 8 0 1 1 0 4853 7483 5150 5393 4899 5436 5972 4267 5396 7613 4761 5657 5633 3763 5927 5106 4930 5540 5227 5064 5233 4825 5425 5702 5434 4560 5103 4930 5952 5580 5608 6292 5957 19013 5347 5450 
1438633225 8786 47 8 0 1 1 0 4854 6919 5130 4757 4866 4934 5972 4474 5365 6242 4780 6101 5651 4928 5923 5135 4916 5614 5215 5205 5215 4201 5437 5806 5453 4724 5127 5132 5947 5927 5612 6541 5806 13910 5328 4765 
1438633225 8786 48 8 0 1 1 0 4836 6607 5141 5054 4852 4982 5981 3991 5437 8447 4793 6417 5678 5434 5931 5363 4916 5631 5220 5114 5206 3994 5441 5816 5436 4515 5113 5003 5939 5781 5617 6266 6627 40218 5397 6524 
1438633225 8786 49 8 0 1 1 0 4858 7097 5174 5758 4869 5031 5988 4471 5392 6854 4769 6011 5624 4095 5919 4619 4918 5631 5224 5094 5197 3842 5402 5208 5437 4355 5105 4986 5946 5673 5627 6135 5731 11489 5333 4874 
1438633225 8786 50 8 0 1 1 0 4834 6278 5121 4048 4866 5128 5945 3489 5431 8046 4765 5765 5647 4320 5909 4432 4917 5608 5216 5135 5205 3799 5441 5877 5459 4848 5122 5294 5964 5979 5632 6526 5862 15998 5360 5698 
1438633225 8786 51 8 0 1 1 0 4848 6845 5118 3927 4864 4915 5948 3928 5396 7247 4749 5573 5647 4448 5915 4669 4920 5583 5219 5137 5217 4473 5407 5242 5437 4805 5103 5324 5951 5933 5603 6619 6095 22819 5351 5616 
1438633225 8786 52 8 0 1 1 0 4834 5995 5180 6041 4896 5866 5996 4818 5380 7102 4813 6790 5672 5386 5934 5011 4908 5674 5213 5156 5224 4368 5396 4785 5453 5053 5112 5588 5955 6358 5628 6743 6053 21842 5357 5720 
1438633225 8786 53 8 0 1 1 0 4835 6633 5150 5506 4896 5686 5992 4627 5393 6759 4779 6369 5638 4288 5914 4925 4928 5539 5217 5146 5199 3925 5408 5179 5464 4917 5130 5363 5959 6134 5627 6688 5855 15539 5334 5181 
1438633225 8786 54 8 0 1 1 0 4851 6507 5172 5773 4943 7919 5975 4704 5379 6942 4754 5146 5617 3925 5910 4620 4931 5536 5204 5222 5195 3970 5401 5056 5448 4721 5117 5151 5954 5956 5625 6479 5966 19070 5347 5254 
1438633225 8786 55 8 0 1 1 0 4837 6455 5134 4602 4867 5067 5988 4275 5376 6829 4748 5373 5633 3984 5903 4375 4918 5619 5220 5132 5223 4300 5391 4952 5439 4602 5106 4988 5933 5768 5622 6225 5585 7219 5349 5560 
1438633225 8786 56 8 0 1 1 0 4917 9900 5171 6068 4878 5347 5996 4820 5426 8446 4774 5868 5639 3874 5898 4385 4924 5589 5220 5110 5213 4368 5408 5289 5438 4866 5112 5368 5949 6112 5624 6582 5962 19052 5352 5254 
1438633225 8786 57 8 0 1 1 0 4832 5932 5149 4992 4841 4798 5968 3489 5454 8828 4773 5678 5653 5159 5907 4849 4923 5585 5217 5134 5234 4667 5408 5110 5457 4498 5115 4946 5944 5753 5622 6252 5941 18326 5342 5081 
1438633225 8786 58 8 0 1 1 0 4826 6549 5116 4288 4854 4382 5963 4132 5408 7181 4767 5588 5645 4344 5927 5052 4925 5556 5216 5126 5214 4080 5421 5531 5453 4554 5105 5094 5954 5777 5614 6389 5810 13903 5342 5266 
1438633225 8786 59 8 0 1 1 0 4822 5992 5133 4132 4864 5198 5957 3581 5397 7348 4772 5794 5664 4626 5911 5123 4909 5688 5219 5112 5210 4268 5404 4809 5435 4543 5106 5018 5948 5643 5622 6314 5997 20057 5346 5264 
1438633225 8786 60 8 0 1 1 0 4892 8112 5179 5829 4907 6510 5978 4418 5394 7264 4773 5767 5658 4543 5930 5170 4927 5542 5208 5202 5228 4264 5428 5843 5472 4921 5128 5499 5952 6342 5624 6775 5994 20148 5361 5676 
1438633225 8786 61 8 0 1 1 0 4864 7307 5126 4856 4855 4870 5979 4339 5404 7353 4802 6351 5641 4315 5897 4379 4934 5519 5215 5136 5211 4328 5432 5493 5430 4518 5103 4820 5940 5625 5619 6107 5990 19830 5328 4805 
1438633225 8786 62 8 0 1 1 0 4815 5671 5132 4522 4901 6344 5993 4412 5457 9579 4776 6033 5613 3966 5911 5026 4916 5652 5211 5164 5224 4753 5402 5056 5443 5054 5117 5399 5957 6211 5625 6737 5939 18344 5369 6369 
1438633225 8786 63 8 0 1 1 0 4798 5224 5123 4314 4854 4088 5958 3699 5378 6881 4780 6378 5656 4902 5917 4842 4928 5548 5206 5165 5213 4284 5436 5887 5436 5032 5116 5506 5950 6216 5627 6643 5792 13768 5345 5003 
1438633225 8786 64 8 0 1 1 0 4841 6298 5144 5151 4853 4496 5974 3845 5396 7196 4769 5339 5655 4189 5912 4983 4914 5662 5216 5160 5230 4689 5419 5232 5454 4944 5123 5405 5942 6413 5622 6735 6099 23333 5329 4890 
1438633225 8786 65 8 0 1 1 0 4870 7794 5126 4728 4875 5632 5990 4912 5377 6733 4755 5298 5653 4574 5892 4464 4914 5667 5219 5107 5185 3940 5430 5656 5435 4480 5103 5041 5939 5767 5625 6205 5940 18142 5356 5680 
1438633225 8786 66 8 0 1 1 0 4858 6821 5128 4784 4880 5377 6002 4686 5394 6905 4771 5512 5657 4413 5917 5117 4914 5652 5219 5097 5217 4208 5415 5398 5443 5183 5115 5609 5966 6287 5631 6826 5825 14514 5335 5114 
1438633225 8786 67 8 0 1 1 0 4826 6176 5130 4911 4869 4686 5968 3764 5389 6906 4743 5138 5624 3873 5920 5170 4930 5539 5223 5087 5220 4846 5412 5173 5437 4865 5113 5262 5947 6005 5620 6439 5844 15178 5337 4686 
1438633226 8786 68 8 0 1 1 0 4816 6221 5169 5713 4889 5937 5994 4630 5442 8943 4782 6346 5635 4190 5898 4529 4927 5559 5222 5080 5211 4304 5419 5580 5449 4757 5120 5105 5973 5777 5623 6467 5799 13726 5341 4832 
1438633226 8786 69 8 0 1 1 0 4846 6349 5117 4621 4890 5413 5959 3665 5362 6426 4751 5231 5650 4332 5918 4489 4927 5568 5211 5147 5228 4748 5418 5644 5443 5019 5133 5380 5960 6241 5611 5839 5722 11412 5337 4893 
1438633226 8786 70 8 0 1 1 0 4893 8363 5137 4458 4857 5170 5990 4360 5396 7282 4736 5031 5620 3638 5902 4349 4932 5487 5210 5190 5230 5027 5394 4877 5457 5027 5120 5544 5957 6415 5636 6798 5862 15871 5338 4920 
1438633226 8786 71 8 0 1 1 0 4842 6746 5148 4879 4886 5430 5989 4589 5379 6727 4791 6072 5653 4237 5919 4857 4942 5500 5218 5138 5240 4819 5407 4975 5461 4926 5118 5464 5954 6172 5627 6775 5820 14396 5333 4598 
1438633226 8786 72 8 0 1 1 0 4853 7062 5159 5840 4900 6234 5997 4599 5408 7526 4780 5993 5694 5772 5922 4875 4925 5575 5221 5116 5211 4094 5424 5899 5448 4844 5111 5357 5958 5996 5624 6547 5891 16859 5345 5197 
1438633226 8786 73 8 0 1 1 0 4862 7004 5151 4960 4874 5017 5994 4572 5376 6728 4783 6188 5640 4230 5914 4605 4914 5652 5218 5123 5232 4717 5393 4770 5444 4540 5102 5107 5951 5735 5629 6236 5769 12803 5327 4796 
1438633226 8786 74 8 0 1 1 0 4838 6443 5139 5078 4864 5557 5983 5134 5458 9041 4785 6367 5650 4549 5906 4743 4923 5575 5219 5120 5211 4101 5427 5200 5443 5027 5125 5367 5962 6103 5634 6574 5846 15382 5335 4885 
1438633226 8786 75 8 0 1 1 0 4848 7031 5179 5973 4892 5604 5989 4393 5443 8936 4802 6495 5626 3937 5909 4815 4922 5603 5218 5129 5224 4662 5413 5279 5454 4850 5123 5311 5960 6087 5633 6627 6341 30900 5371 5977 
1438633226 8786 76 8 0 1 1 0 4875 7641 5147 5154 4867 5158 5965 3811 5503 10063 4797 6241 5643 4370 5931 5153 4919 5568 5213 5157 5230 5038 5409 5080 5453 5119 5130 5519 5967 6264 5630 6904 6374 32162 5391 6806 
1438633226 8786 77 8 0 1 1 0 4836 6442 5188 6438 4888 5549 5976 4183 5393 6933 4753 5420 5626 4280 5917 5003 4936 5520 5227 5059 5226 4368 5405 5203 5432 4472 5114 4804 5931 5670 5611 6233 6044 21734 5354 5455 
1438633226 8786 78 8 0 1 1 0 4814 5570 5136 4848 4853 4574 5977 4011 5393 7429 4763 5755 5633 3856 5893 4454 4925 5535 5217 5150 5212 3889 5418 5246 5430 4636 5110 4961 5945 5739 5617 6249 5606 7702 5323 4613 
1438633226 8786 79 8 0 1 1 0 4845 6757 5133 4387 4887 5647 5993 4793 5428 7949 4782 6038 5637 4496 5910 4879 4921 5599 5217 5140 5202 3910 5442 5768 5450 4416 5098 4889 5930 5644 5614 6026 5953 18682 5336 4981 
1438633226 8786 80 8 0 1 1 0 4842 6763 5138 5087 4874 5494 5987 4486 5405 7257 4763 5676 5633 3768 5922 4571 4927 5571 5233 5024 5232 4321 5396 4834 5436 4828 5111 5211 5952 5911 5629 6381 5876 16172 5359 5681 
1438633226 8786 81 8 0 1 1 0 4835 6197 5134 4722 4896 5857 5990 4480 5425 8701 4753 5196 5624 4006 5911 4806 4921 5579 5221 5079 5214 4659 5406 4960 5452 4942 5130 5313 5971 6054 5625 6723 5754 12549 5324 4661 
1438633226 8786 82 8 0 1 1 0 4849 6886 5155 5319 4902 6262 6005 4730 5440 8170 4771 5732 5656 4778 5933 5369 4926 5549 5220 5108 5196 4175 5414 5275 5456 5074 5130 5482 5977 6256 5646 6690 6089 23108 5355 5797 
1438633226 8786 83 8 0 1 1 0 4978 10766 5190 6563 4896 5804 6009 5199 5543 11859 4779 6179 5629 4107 5918 4467 4908 5706 5214 5121 5216 4367 5401 5088 5461 4953 5131 5343 5961 6202 5627 6767 5981 19450 5357 5636 
1438633226 8786 84 8 0 1 1 0 4890 7965 5151 5315 4884 5440 6011 4950 5409 7774 4787 6371 5643 4573 5914 5078 4915 5608 5221 5142 5230 4943 5404 5215 5466 4932 5128 5456 5974 6131 5635 6760 5973 19362 5341 5200 
1438633226 8786 85 8 0 1 1 0 4814 5542 5130 4699 4868 4973 5969 3956 5380 7088 4770 5219 5653 4449 5906 4536 4924 5589 5227 5057 5221 4894 5403 5200 5450 4876 5119 5309 5960 6081 5617 6332 5946 18496 5341 5252 
1438633226 8786 86 8 0 1 1 0 4842 6347 5130 4657 4856 4785 5978 4000 5424 8230 4815 7497 5639 4223 5902 4605 4916 5615 5223 5087 5230 4566 5417 5888 5435 4398 5110 4813 5937 5657 5628 6013 5856 15501 5329 4794 
1438633226 8786 87 8 0 1 1 0 4821 6192 5142 4642 4868 4806 5989 4503 5440 8611 4775 5848 5620 3790 5895 4279 4926 5567 5210 5192 5214 4540 5436 5894 5451 4939 5116 5394 5957 6140 5621 6656 5838 14964 5330 5037 
1438633226 8786 88 8 0 1 1 0 4882 7807 5153 5591 4899 6035 6026 5373 5425 7917 4771 6173 5640 4111 5925 5254 4918 5585 5205 5169 5228 4678 5408 5338 5452 4740 5108 5264 5959 5850 5623 6412 5869 16100 5335 4884 
1438633226 8786 89 8 0 1 1 0 4852 6867 5161 5536 4859 4750 5969 4206 5378 6756 4746 5202 5649 4382 5910 4319 4912 5665 5231 5030 5242 4703 5404 4811 5452 4958 5124 5439 5945 6331 5641 6636 5763 12700 5325 4730 
1438633226 8786 90 8 0 1 1 0 4907 8391 5154 5299 4890 5429 5999 4485 5360 6365 4757 5088 5627 4379 5923 4963 4926 5544 5223 5079 5203 4032 5445 5830 5424 4423 5115 4682 5939 5570 5608 6079 5874 15965 5333 4950 
1438633226 8786 91 8 0 1 1 0 4882 7989 5146 4942 4888 5842 6017 5675 5413 7732 4768 6094 5688 5765 5923 5425 4911 5651 5218 5105 5210 4260 5413 5104 5433 4460 5117 4869 5941 5735 5612 6300 5913 17434 5355 5402 
1438633226 8786 92 8 0 1 1 0 4785 5233 5109 4322 4848 4885 5958 3632 5391 6632 4775 5926 5628 3869 5901 4955 4913 5633 5216 5100 5234 4853 5429 5929 5443 4435 5102 4968 5943 5681 5594 6293 6150 25179 5371 5894 
1438633226 8786 93 8 0 1 1 0 4908 8471 5194 6238 4929 7093 6002 4837 5395 7534 4796 6363 5632 4217 5949 5996 4926 5550 5213 5127 5202 3938 5409 5181 5423 4436 5096 4832 5931 5652 5604 6053 6245 27931 5393 6730 
1438633226 8786 94 8 0 1 1 0 4788 5115 5120 4076 4865 5104 5967 3886 5399 7141 4772 5891 5636 3879 5910 4680 4924 5571 5215 5129 5209 3934 5396 4902 5471 5070 5131 5555 5949 6453 5633 6855 5804 13816 5332 4881 
1438633226 8786 95 8 0 1 1 0 4809 5400 5169 5964 4890 5944 5955 3959 5442 8425 4780 6323 5649 4440 5931 5860 4918 5620 5223 5094 5234 4985 5397 5041 5433 4673 5104 4996 5953 5757 5612 6332 6319 30351 5381 6595 
1438633226 8786 96 8 0 1 1 0 4820 5653 5152 4988 4875 5211 5967 3920 5412 7810 4776 6007 5618 3923 5899 4930 4916 5619 5216 5120 5214 4302 5391 4875 5424 4482 5105 4889 5938 5719 5609 6201 5821 14455 5335 5016 
1438633226 8786 97 8 0 1 1 0 4864 7337 5109 4072 4843 4655 5974 4093 5392 6974 4755 5271 5644 4471 5890 4491 4923 5602 5217 5117 5224 4388 5437 5836 5448 4955 5115 5358 5968 6006 5621 6605 6049 21764 5360 5705 
1438633226 8786 98 8 0 1 1 0 4823 6207 5125 4964 4868 4812 5983 4110 5395 7694 4743 5040 5647 3698 5902 4882 4916 5608 5208 5194 5226 4309 5396 5301 5444 4904 5113 5342 5956 6068 5628 6595 5858 15636 5337 5121 
1438633226 8786 99 8 0 1 1 0 4838 6380 5118 4342 4845 4532 5978 3777 5399 6869 4731 4932 5611 3671 5894 4268 4930 5556 5221 5061 5213 4385 5419 5753 5447 4827 5123 5118 5946 6048 5612 6387 5693 10436 5333 4634 
1438633226 8786 100 8 0 1 1 0 4831 6066 5124 4401 4839 4075 5968 3890 5345 5712 4746 5165 5641 4415 5904 4885 4917 5628 5216 5154 5203 4245 5415 5320 5426 4573 5101 4962 5937 5795 5581 5545 5930 17697 5341 4959 
1438633226 8786 101 8 0 1 1 0 4843 6950 5137 4610 4945 7579 5990 4284 5410 7757 4772 5708 5623 3670 5917 4818 4920 5635 5230 5081 5200 3824 5403 5340 5450 4960 5117 5355 5959 6207 5626 6805 6118 24039 5355 5611 
1438633226 8786 102 8 0 1 1 0 4824 6349 5106 4060 4853 4481 5963 3882 5445 8532 4829 7705 5663 4816 5941 5281 4917 5619 5219 5095 5207 4149 5421 5178 5450 4795 5123 5227 5956 5950 5622 6583 6376 31748 5370 6200 
1438633226 8786 103 8 0 1 1 0 4815 5727 5133 4698 4843 4215 5968 3924 5378 6808 4771 5635 5632 4081 5918 4633 4917 5641 5220 5089 5240 4893 5418 5320 5453 5116 5114 5510 5968 6214 5629 6800 5804 13817 5333 4912 
1438633226 8786 104 8 0 1 1 0 4832 6470 5154 5408 4893 6021 5994 4899 5412 7438 4760 5590 5649 4363 5889 4711 4928 5525 5203 5205 5230 4825 5417 5588 5433 4557 5118 4866 5926 5817 5606 6283 5897 17060 5339 5126 
1438633226 8786 105 8 0 1 1 0 4861 7588 5160 4876 4893 5936 5988 4738 5415 8175 4776 5995 5674 5191 5916 4615 4929 5545 5215 5127 5202 4135 5399 4834 5434 4496 5095 4950 5937 5659 5614 6193 6074 22492 5375 6256 
1438633226 8786 106 8 0 1 1 0 4899 8120 5135 4930 4886 5805 6001 4710 5379 6673 4763 5897 5642 4114 5891 4384 4916 5632 5212 5173 5209 4199 5400 4831 5443 4494 5111 4961 5949 5641 5623 6201 5854 15678 5354 5266 
1438633226 8786 107 8 0 1 1 0 4800 5307 5120 4167 4840 4334 5953 3547 5347 5974 4855 8222 5625 3928 5893 4651 4927 5568 5224 5083 5208 4184 5408 5127 5443 4312 5103 4807 5933 5689 5609 5989 5710 11264 5323 4378 
1438633226 8786 108 8 0 1 1 0 5344 22444 5316 10477 5169 15165 6088 7756 5569 12540 4919 10435 5780 8372 6060 9450 4926 5569 5214 5126 5209 4179 5399 4944 5445 4980 5113 5454 5961 6140 5622 6671 7980 65535 5585 13299 
1438633226 8786 109 8 0 1 1 0 4830 6315 5130 4927 4872 5382 5986 4664 5409 7384 4776 5702 5625 3764 5892 4636 4920 5590 5206 5179 5205 3835 5414 5632 5442 4400 5122 4818 5939 5687 5598 6285 5973 19382 5325 4770 
1438633226 8786 110 8 0 1 1 0 4880 7964 5152 5574 4970 8175 6026 5634 5468 9562 4777 6297 5697 6369 5925 4936 4928 5552 5225 5060 5205 4123 5414 5364 5434 4805 5113 5103 5954 5903 5620 6384 6614 39685 5412 7346 
1438633226 8786 111 8 0 1 1 0 4790 5329 5104 4103 4875 5452 5963 3568 5426 7931 4782 6136 5652 5003 5909 4231 4934 5508 5208 5205 5205 4145 5436 5716 5435 4332 5097 4850 5940 5602 5606 6137 5999 19952 5349 5264 
1438633226 8786 112 8 0 1 1 0 4792 5215 5104 3901 4853 4710 5962 3552 5409 7719 4835 7735 5644 4357 5911 4780 4922 5564 5216 5150 5213 3960 5421 5600 5459 4950 5109 5476 5946 6323 5639 6614 5854 15567 5349 5239 
1438633226 8786 113 8 0 1 1 0 4874 6993 5146 5304 4933 6839 5981 4642 5393 7329 4798 6647 5662 4557 5915 4633 4939 5492 5209 5209 5198 4066 5415 5179 5435 4493 5102 5090 5934 5755 5622 6211 6230 27501 5372 6177 
1438633226 8786 114 8 0 1 1 0 4832 6112 5139 4975 4889 5759 5972 4480 5395 7444 4766 5698 5660 4994 5924 5310 4915 5668 5216 5121 5237 4900 5417 5188 5462 4842 5117 5454 5957 6173 5625 6723 6142 24744 5350 5649 
1438633227 8786 115 8 0 1 1 0 4866 7459 5123 4382 4849 4630 5963 3982 5411 7567 4781 5911 5628 3804 5913 4486 4922 5614 5227 5092 5217 4405 5411 5474 5464 5094 5129 5463 5959 6410 5638 6757 5763 12912 5328 4783 
1438633227 8786 116 8 0 1 1 0 4846 6573 5101 3850 4846 4574 5958 3721 5472 9530 4763 5236 5645 4696 5929 5157 4931 5540 5213 5205 5227 4659 5413 5330 5453 4954 5125 5316 5958 6132 5628 6713 6073 22508 5342 5460 
1438633227 8786 117 8 0 1 1 0 4832 6625 5145 4896 4860 5130 5984 4550 5394 7624 4743 5222 5631 3739 5901 4324 4913 5653 5209 5210 5225 4138 5424 5756 5445 4497 5105 4956 5946 5779 5607 6353 5615 8009 5322 4725 
1438633227 8786 118 8 0 1 1 0 4845 6672 5156 5144 4882 5174 5977 4567 5409 7757 4757 5323 5670 4916 5931 5141 4917 5610 5208 5188 5222 4360 5412 5195 5431 4381 5105 4801 5941 5497 5619 5998 5658 9335 5362 5691 
1438633227 8786 119 8 0 1 1 0 4824 6056 5128 4516 4863 5194 5970 4123 5399 7509 4747 5261 5661 4718 5908 4429 4934 5537 5218 5117 5228 4380 5440 5695 5453 4610 5121 5068 5950 5898 5623 6411 5937 18208 5332 4967 
1438633227 8786 120 8 0 1 1 0 4844 6714 5132 4463 4868 4979 5970 3995 5381 6707 4760 5722 5659 4724 5910 4723 4920 5628 5208 5197 5201 3845 5415 5042 5454 5047 5132 5465 5961 6176 5632 6748 6677 41452 5331 4983 
1438633227 8786 121 8 0 1 1 0 4815 5526 5150 5023 4849 4737 5962 3793 5411 7503 4753 5528 5638 3931 5948 5534 4919 5623 5213 5155 5226 5000 5397 4802 5458 5002 5121 5434 5954 6207 5627 6752 5990 20074 5343 5216 
1438633227 8786 122 8 0 1 1 0 4860 7300 5139 5289 4896 5875 5985 4694 5376 6516 4757 5731 5616 3819 5914 4858 4921 5583 5203 5200 5217 4302 5401 5064 5447 4607 5105 5119 5948 5801 5622 6186 5921 17745 5364 5855 
1438633227 8786 123 8 0 1 1 0 4832 6099 5150 4992 4881 5414 5956 3620 5377 6413 4756 5263 5628 4044 5898 4857 4929 5531 5213 5161 5222 4369 5430 5739 5453 4925 5122 5272 5956 6104 5630 6686 5840 15110 5338 5301 
1438633227 8786 124 8 0 1 1 0 4828 6293 5122 4398 4866 5012 5959 3630 5362 6323 4759 5185 5633 4020 5892 4498 4919 5609 5215 5093 5200 4109 5409 4794 5450 4981 5119 5513 5972 6159 5629 6756 5769 13011 5341 4711 
1438633227 8786 125 8 0 1 1 0 4881 8180 5170 5700 4892 5899 5980 4382 5424 7678 4765 5956 5652 4751 5897 4222 4930 5526 5216 5128 5212 3798 5420 5838 5448 4946 5115 5447 5957 6185 5634 6619 5860 15824 5349 5349 
1438633227 8786 126 8 0 1 1 0 4921 9198 5192 6487 4889 5554 5992 4892 5442 8926 4762 5872 5646 4837 5910 4835 4921 5602 5220 5103 5226 4884 5403 4846 5439 4371 5095 5006 5941 5681 5608 5814 6400 32851 5409 7384 
1438633227 8786 127 8 0 1 1 0 4810 5833 5129 4555 4870 5018 5972 4385 5382 7173 4767 5728 5626 3701 5895 4364 4917 5588 5219 5139 5194 3990 5419 6024 5457 4996 5136 5357 5972 6142 5633 6716 5699 10376 5328 4506 
1438633227 8786 128 8 0 1 1 0 4895 8266 5163 5448 4862 5079 5987 4677 5392 7270 4773 6002 5693 6078 5927 5171 4930 5566 5219 5111 5207 3974 5399 5317 5461 5016 5123 5576 5964 6297 5643 6674 6411 33188 5402 7247 
1438633227 8786 129 8 0 1 1 0 4828 6868 5144 4947 4891 6236 5959 3677 5392 7589 4759 5038 5637 4633 5896 4377 4920 5611 5213 5145 5199 3914 5435 5680 5435 4646 5106 5126 5935 5860 5610 6389 6006 20442 5345 5379 
1438633227 8786 130 8 0 1 1 0 4826 6247 5153 5018 4872 5406 5989 4266 5446 8769 4757 5373 5647 4799 5917 5042 4921 5567 5205 5212 5209 4296 5396 4773 5451 5045 5113 5518 5961 6161 5630 6703 5837 15021 5358 5474 
1438633227 8786 131 8 0 1 1 0 4799 5167 5115 3946 4845 4416 5954 3582 5378 6417 4790 6472 5629 3829 5904 4571 4919 5599 5217 5121 5232 4927 5422 5543 5445 4820 5121 5312 5956 6079 5607 5843 5853 15582 5341 5145 
1438633227 8786 132 8 0 1 1 0 4853 6899 5136 4415 4847 4768 5960 4046 5408 7744 4759 5372 5657 5035 5931 5133 4918 5618 5213 5158 5214 4221 5410 5378 5442 4895 5126 5246 5959 5983 5628 6574 5941 18301 5340 5182 
1438633227 8786 133 8 0 1 1 0 4871 7385 5128 4992 4855 4892 5978 4333 5366 6119 4761 5378 5634 3857 5903 4294 4934 5506 5217 5137 5227 4924 5406 4914 5441 4910 5121 5350 5959 5989 5619 6594 5840 14947 5342 5170 
1438633227 8786 134 8 0 1 1 0 4859 6496 5192 6473 4886 5638 5960 3577 5360 6354 4778 6240 5637 3848 5909 4685 4912 5643 5229 5070 5206 3956 5403 4866 5453 4975 5129 5459 5953 6265 5639 6665 5955 18780 5358 5482 
1438633227 8786 135 8 0 1 1 0 4849 6757 5129 4562 4859 4836 5987 4397 5365 6834 4787 6483 5635 4307 5923 4974 4908 5662 5225 5077 5211 4337 5409 5001 5440 4884 5105 5378 5945 6143 5623 6556 5818 14318 5329 4766 
1438633227 8786 136 8 0 1 1 0 4799 5790 5121 4314 4830 4206 5968 3607 5380 6942 4751 5049 5633 3765 5924 4940 4924 5557 5218 5128 5212 4186 5396 4811 5441 4461 5104 4963 5938 5759 5603 6292 5773 13018 5325 4749 
1438633227 8786 137 8 0 1 1 0 4872 7450 5153 5502 4900 6630 5993 4962 5380 6765 4774 6085 5637 4637 5926 5281 4913 5657 5204 5186 5215 4252 5407 4694 5437 4507 5099 5013 5952 5655 5630 6205 5867 15910 5336 5039 
1438633227 8786 138 8 0 1 1 0 4895 7771 5145 4634 4905 6516 5976 4399 5415 7717 4754 5234 5632 4352 5939 5693 4926 5577 5227 5051 5230 4387 5417 5824 5461 4847 5117 5361 5958 6114 5633 6608 5841 15250 5340 5000 
1438633227 8786 139 8 0 1 1 0 4875 7356 5150 5441 4896 5781 5981 4417 5412 7806 4777 5830 5662 5110 5910 4495 4906 5690 5213 5168 5218 4163 5408 5450 5450 4453 5109 5004 5939 5768 5615 6347 6170 25576 5360 5783 
1438633227 8786 140 8 0 1 1 0 4845 7000 5127 4352 4875 5021 5955 3635 5383 6940 4783 5773 5623 4163 5933 5550 4925 5558 5219 5127 5208 3820 5434 5761 5446 4544 5107 4999 5941 5799 5607 6243 5905 17140 5353 5371 
1438633227 8786 141 8 0 1 1 0 4803 4872 5144 4343 4856 4753 5956 3411 5378 6551 4748 5273 5654 4677 5931 5240 4918 5616 5213 5180 5228 4753 5439 5915 5439 4624 5109 5082 5945 5810 5603 5616 5737 11961 5325 4754 
1438633227 8786 142 8 0 1 1 0 4825 5700 5122 4338 4869 5203 5973 3878 5378 7022 4783 6087 5641 4130 5923 4937 4922 5597 5215 5183 5233 4645 5429 5862 5438 4599 5114 4981 5950 5738 5610 6405 6008 20482 5337 5052 
1438633227 8786 143 8 0 1 1 0 4824 6508 5133 4767 4875 5335 5988 4749 5410 7771 4776 5920 5672 5342 5937 5577 4934 5516 5227 5061 5229 4977 5413 5209 5430 4722 5104 5134 5946 5912 5617 6380 6016 20774 5337 5040 
1438633227 8786 144 8 0 1 1 0 4830 6125 5141 4985 4973 8594 5995 4804 5412 7373 4764 5818 5629 4131 5911 4749 4915 5645 5204 5237 5202 3958 5407 5032 5450 4687 5120 5079 5948 5892 5635 6414 5859 15786 5335 5030 
1438633227 8786 145 8 0 1 1 0 4882 7970 5166 5972 4866 4973 5998 4613 5405 7385 4754 5251 5638 4445 5919 5156 4931 5533 5225 5089 5225 4738 5429 5920 5453 4301 5107 4866 5934 5710 5611 6109 5918 17469 5341 4930 
1438633227 8786 146 8 0 1 1 0 4902 8838 5133 4700 4838 4868 5974 3657 5379 6324 4770 5655 5652 4845 5938 5654 4922 5597 5215 5150 5224 4924 5417 5534 5446 4867 5130 5212 5950 6099 5625 6296 6145 24669 5523 10995 
1438633227 8786 147 8 0 1 1 0 4815 5855 5122 3976 4826 4345 5984 4027 5427 8327 4773 5873 5645 3985 5929 4919 4932 5518 5218 5128 5222 4538 5421 5908 5460 4992 5125 5387 5961 6146 5626 6756 5909 17379 5336 5155 
1438633227 8786 148 8 0 1 1 0 4897 8277 5156 5663 4913 6166 6003 4666 5422 8121 4756 5590 5629 3692 5919 5122 4909 5667 5210 5193 5227 4855 5420 5666 5442 4627 5103 5091 5952 5801 5616 6352 5890 16524 5342 5059 
1438633227 8786 149 8 0 1 1 0 4859 6875 5118 4240 4848 4646 5974 3810 5396 7073 4764 6022 5683 5316 5972 6604 4922 5613 5223 5098 5223 4495 5431 5911 5449 4650 5105 5253 5943 5893 5618 6436 6449 34617 5389 6796 
1438633227 8786 150 8 0 1 1 0 4864 7651 5163 5483 4887 5434 5992 4397 5405 7178 4754 5725 5656 4753 5923 5042 4931 5516 5209 5204 5212 4316 5392 4966 5437 4413 5111 4774 5940 5510 5608 6163 6158 25155 5353 5268 
1438633227 8786 151 8 0 1 1 0 4818 5565 5129 4217 4879 5718 5969 3861 5439 8251 4815 7138 5686 5835 5959 6116 4919 5611 5207 5183 5221 4301 5415 5042 5443 4441 5113 5012 5940 5799 5617 6428 6306 29818 5389 6664 
1438633227 8786 152 8 0 1 1 0 4912 8612 5167 5840 4927 6663 5993 4291 5443 8552 4804 6485 5678 5352 5946 5577 4925 5600 5216 5107 5218 4421 5405 5358 5438 4536 5102 4966 5939 5732 5622 6171 6713 43109 5378 6348 
1438633227 8786 153 8 0 1 1 0 4823 6137 5130 4632 4891 5377 5985 4288 5380 6781 4751 5338 5633 4190 5905 4321 4928 5562 5226 5048 5206 4148 5413 5041 5437 4522 5109 5047 5943 5678 5621 6232 5613 7832 5319 4607 
1438633227 8786 154 8 0 1 1 0 4854 6844 5144 5026 4870 5518 5997 4956 5427 7932 4765 5823 5663 4531 5920 4707 4926 5564 5213 5127 5214 3983 5405 5098 5434 4578 5103 4994 5951 5698 5619 6227 6121 24231 5366 5686 
1438633227 8786 155 8 0 1 1 0 4805 5491 5106 4118 4852 4364 5957 3750 5408 7569 4795 6998 5632 4320 5894 4528 4911 5649 5208 5198 5214 3715 5414 5274 5439 4582 5100 5197 5953 5804 5618 6345 6235 27550 5380 6350 
1438633227 8786 156 8 0 1 1 0 4844 6948 5139 4879 4897 5966 6001 4641 5460 9252 4801 6477 5635 4568 5896 4362 4929 5567 5217 5105 5196 3892 5415 5160 5448 4812 5103 5382 5963 5920 5632 6453 5979 19454 5354 5265 
1438633227 8786 157 8 0 1 1 0 4831 6259 5137 4692 4866 5003 5989 4600 5381 6657 4782 5952 5629 3824 5910 4678 4922 5598 5220 5116 5201 3804 5403 5332 5431 4815 5106 5245 5956 5853 5628 6369 5918 17353 5363 5723 
1438633227 8786 158 8 0 1 1 0 4848 6887 5131 4419 4887 5905 5963 3876 5397 6991 4770 5874 5651 4913 5923 4816 4914 5638 5212 5155 5226 4163 5427 5754 5434 4322 5106 4756 5941 5523 5617 6051 6000 20327 5349 5290 
1438633227 8786 159 8 0 1 1 0 4852 6921 5144 5111 4896 6054 6013 5076 5404 7338 4759 5473 5626 3601 5904 4528 4913 5642 5213 5183 5218 4337 5408 5623 5458 5046 5138 5433 5961 6228 5631 6815 5781 13154 5331 5045 
1438633227 8786 160 8 0 1 1 0 4846 6691 5143 4938 4863 5290 5989 4165 5392 7442 4769 5859 5620 4014 5933 5490 4930 5558 5224 5087 5207 4177 5427 5950 5438 4247 5097 4773 5935 5555 5600 6085 5797 13581 5340 5152 
1438633227 8786 161 8 0 1 1 0 4813 5699 5147 4786 4887 5552 5981 4573 5366 6431 4771 5737 5651 4551 5900 4528 4915 5630 5214 5141 5226 4242 5397 4992 5433 4517 5103 4996 5944 5716 5565 5317 5957 18666 5337 5291 
1438633227 8786 162 8 0 1 1 0 4863 7348 5141 4949 4842 4264 5963 4091 5399 7591 4770 5598 5648 4424 5896 4403 4925 5560 5226 5092 5239 4891 5412 5536 5437 4514 5118 4919 5945 5755 5612 6258 6065 22278 5361 5816 
1438633227 8786 163 8 0 1 1 0 4878 7715 5155 5648 4895 6425 5976 4333 5443 9488 4822 6761 5666 5298 5927 4758 4909 5699 5223 5119 5244 4880 5430 5664 5441 4328 5107 4880 5929 5629 5613 6190 6247 28076 5400 7080 
1438633227 8786 164 8 0 1 1 0 4860 7352 5147 5052 4867 5227 5994 4248 5475 9799 4800 6595 5640 4193 5918 4853 4922 5606 5222 5093 5223 3977 5412 5177 5432 4334 5106 4821 5950 5489 5606 6090 5881 16428 5331 5085 
1438633227 8786 165 8 0 1 1 0 4875 7320 5217 7392 4866 4924 5986 4276 5411 7570 4800 6628 5630 4237 5962 6654 4922 5596 5220 5106 5206 4146 5409 5269 5432 4637 5101 5128 5954 5804 5611 6341 5862 15863 5337 5034 
1438633227 8786 166 8 0 1 1 0 4836 6417 5136 4650 4867 5179 5986 4478 5409 8035 4769 6130 5676 4836 5908 4479 4917 5619 5209 5178 5198 3874 5431 5735 5444 5156 5119 5600 5953 6288 5619 6822 5969 19357 5336 5108 
1438633227 8786 167 8 0 1 1 0 4821 6392 5155 4874 4872 5523 5995 5188 5445 8934 4784 6325 5644 4053 5912 4903 4923 5561 5218 5138 5223 4150 5418 5601 5458 5062 5129 5450 5962 6214 5622 6806 6026 20810 5358 5908 
1438633227 8786 168 8 0 1 1 0 4821 6125 5155 4811 4881 5673 5997 4632 5381 6197 4754 5197 5665 4526 5899 4309 4932 5525 5221 5068 5196 4011 5411 5336 5456 5099 5129 5567 5965 6256 5643 6756 5922 17708 5346 5320 
1438633228 8786 169 8 0 1 1 0 4814 5992 5130 4252 4849 4552 5963 4034 5392 6695 4760 5711 5637 4438 5907 4811 4922 5591 5221 5105 5245 4734 5395 4806 5457 4816 5120 5294 5961 5980 5630 6572 5871 16044 5377 6237 
1438633228 8786 170 8 0 1 1 0 4832 6273 5148 5143 4888 5675 6006 4693 5395 7312 4756 5351 5650 4536 5898 4830 4926 5565 5217 5146 5212 4339 5417 5253 5456 5080 5118 5619 5959 6303 5635 6733 6212 26887 5358 5661 
1438633228 8786 171 8 0 1 1 0 4885 7974 5180 5869 4911 6470 5970 4286 5392 7105 4792 6324 5667 4936 5910 4862 4912 5668 5213 5157 5195 3901 5421 5875 5446 4963 5134 5315 5956 6170 5626 6658 5913 17399 5346 5193 
1438633228 8786 172 8 0 1 1 0 4844 7354 5154 5218 4875 5463 5989 4355 5381 6911 4794 6381 5613 3724 5935 5664 4926 5579 5212 5175 5233 4904 5396 5049 5459 4974 5135 5410 5958 6187 5641 6698 5788 13485 5328 4859 
1438633228 8786 173 8 0 1 1 0 4784 4985 5105 3840 4851 4757 5968 3608 5452 8971 4775 5499 5676 5170 5947 6070 4914 5636 5224 5103 5221 4882 5399 4960 5450 4985 5118 5452 5966 6162 5619 6806 5860 15709 5333 4849 
1438633228 8786 174 8 0 1 1 0 4815 5650 5127 4268 4871 5400 5969 3963 5414 7586 4745 5293 5681 5279 5908 4874 4918 5642 5219 5093 5229 4992 5425 5500 5438 4633 5110 5095 5950 5732 5627 6293 5912 17323 5340 5106 
1438633228 8786 175 8 0 1 1 0 4834 6562 5152 5188 4848 4625 5974 3742 5395 7309 4755 5437 5640 3940 5904 4809 4931 5522 5218 5115 5207 3996 5396 4943 5432 4451 5097 4965 5936 5674 5609 5944 5860 15808 5333 5003 
1438633228 8786 176 8 0 1 1 0 4979 11253 5184 5829 4902 6152 6005 5197 5424 8509 4821 7509 5687 5224 5952 5744 4921 5568 5217 5143 5233 4480 5412 5117 5429 4755 5109 5154 5941 5985 5626 6354 6602 39145 5398 6858 
1438633228 8786 177 8 0 1 1 0 4809 5791 5124 4239 4838 4739 5950 3640 5406 7098 4773 6131 5625 4058 5921 5166 4919 5635 5199 5264 5210 4349 5429 5848 5446 4898 5105 5402 5966 6110 5634 6574 6155 24811 5343 5187 
1438633228 8786 178 8 0 1 1 0 4882 7514 5150 4634 4870 4914 6012 5407 5420 8255 4778 6433 5656 4413 5942 5184 4922 5601 5214 5162 5213 4008 5415 5237 5432 4337 5108 4770 5941 5547 5600 6165 6346 31456 5494 10114 
1438633228 8786 179 8 0 1 1 0 4831 5995 5148 4902 4885 5692 5984 4530 5363 6092 4765 5991 5662 4563 5922 4763 4926 5560 5223 5069 5207 4085 5412 5848 5424 4664 5115 4977 5951 5756 5610 6261 5913 17351 5346 5190 
1438633228 8786 180 8 0 1 1 0 4899 8141 5145 5121 4948 7602 6025 5325 5441 8495 4805 6946 5639 4577 5919 5053 4931 5530 5219 5117 5237 4691 5407 5185 5445 4667 5117 5192 5947 5971 5616 6418 6154 25326 5365 6105 
1438633228 8786 181 8 0 1 1 0 4857 7221 5129 4747 4861 4845 5978 4416 5383 6431 4754 5724 5643 4389 5915 5069 4938 5478 5208 5193 5205 3983 5400 4729 5469 4941 5135 5418 5961 6237 5623 6798 5763 12730 5339 5177 
1438633228 8786 182 8 0 1 1 0 4834 6066 5132 4848 4860 4948 5985 4237 5363 6014 4760 5141 5630 4369 5913 4666 4925 5567 5220 5116 5199 3831 5423 5634 5438 4384 5113 4771 5938 5638 5613 6181 5792 13618 5333 5217 
1438633228 8786 183 8 0 1 1 0 4839 7014 5143 4795 4845 4656 5989 4511 5393 7543 4745 5572 5629 3842 5906 4341 4946 5416 5217 5133 5215 4398 5411 5278 5451 4936 5127 5365 5954 6151 5639 6656 5930 18116 5349 4947 
1438633228 8786 184 8 0 1 1 0 4878 7699 5175 5549 4903 6372 5974 4371 5404 7464 4766 5669 5639 4154 5915 5214 4910 5647 5219 5138 5198 3965 5405 4999 5447 4898 5128 5349 5969 6138 5634 6742 5890 16728 5353 5596 
1438633228 8786 185 8 0 1 1 0 4872 6898 5149 5283 4970 8420 6052 6797 5365 6532 4751 5108 5641 4255 5930 5316 4925 5546 5216 5143 5209 4230 5404 5259 5460 4965 5127 5388 5965 6157 5627 6417 6191 26225 5391 6692 
1438633228 8786 186 8 0 1 1 0 4818 5557 5137 4159 4884 5377 5981 4017 5382 6999 4748 5293 5629 3699 5894 4461 4910 5693 5218 5112 5202 4268 5420 5459 5430 4406 5103 4781 5935 5538 5615 6054 5896 16708 5342 5200 
1438633228 8786 187 8 0 1 1 0 4832 6489 5158 4886 4839 4417 5964 3823 5412 7853 4790 6470 5670 4965 5901 4646 4922 5562 5217 5104 5219 3923 5424 5962 5445 4966 5117 5347 5952 6165 5643 6548 5958 18955 5353 5182 
1438633228 8786 188 8 0 1 1 0 4841 6712 5184 5814 4896 5743 5984 4342 5376 6607 4742 5024 5655 4468 5897 4268 4922 5582 5206 5224 5209 3787 5433 5896 5443 4711 5118 5190 5957 5909 5621 6398 5813 14276 5330 5080 
1438633228 8786 189 8 0 1 1 0 4831 6426 5131 4628 4828 4046 5955 3474 5426 7717 4762 5576 5642 4005 5903 4433 4924 5573 5213 5172 5205 4485 5423 5783 5459 4902 5127 5322 5949 6169 5641 6523 5826 14597 5335 5144 
1438633228 8786 190 8 0 1 1 0 4833 6516 5148 5282 4871 5306 5997 4682 5389 6698 4760 5172 5639 3840 5915 4266 4918 5625 5213 5122 5217 4447 5426 5570 5433 4479 5105 4904 5944 5649 5611 6078 5815 14203 5335 4727 
1438633228 8786 191 8 0 1 1 0 4899 7879 5141 4555 4909 6141 5973 4022 5428 8147 4786 6373 5631 4155 5912 5180 4931 5537 5215 5148 5217 4346 5422 5897 5441 4834 5119 5215 5947 5976 5627 6496 6125 23944 5370 6297 
1438633228 8786 192 8 0 1 1 0 4854 7088 5145 5164 4881 5771 5992 4293 5381 6720 4755 5599 5645 4495 5915 5094 4933 5508 5219 5160 5211 4005 5412 4817 5442 4579 5115 5053 5941 5885 5621 6315 5864 15755 5344 4961 
1438633228 8786 193 8 0 1 1 0 4868 7258 5146 4740 4895 6125 5982 4526 5436 8283 4786 6172 5652 4636 5927 5025 4918 5603 5214 5145 5225 4357 5432 5914 5439 4776 5109 5314 5955 5957 5626 6532 6068 22400 5360 5769 
1438633228 8786 194 8 0 1 1 0 6148 48082 6035 33821 6093 44330 6318 15141 6434 40313 5562 31031 6174 21774 6429 21155 4925 5560 5209 5199 5235 4736 5409 5346 5447 4902 5123 5293 5945 6202 5629 6572 6184 26255 5381 6382 
1438633228 8786 195 8 0 1 1 0 4851 6838 5131 4593 4862 5185 5978 3908 5381 6869 4764 5738 5634 3983 5917 4954 4930 5558 5218 5135 5244 4872 5395 4824 5447 5088 5126 5450 5957 6233 5620 6902 5906 17313 5324 4721 
1438633228 8786 196 8 0 1 1 0 4906 8417 5150 5204 4894 5915 5985 4344 5362 6002 4766 5596 5647 4047 5905 4747 4911 5684 5216 5140 5239 4855 5424 5363 5449 4964 5119 5433 5943 6267 5633 6649 5956 18664 5349 5379 
1438633228 8786 197 8 0 1 1 0 4850 6892 5175 5979 4871 5684 6003 4642 5382 6718 4769 6153 5632 3771 5900 4600 4927 5563 5218 5090 5214 4999 5403 5085 5451 4831 5113 5440 5956 6132 5627 6653 5932 18146 5345 5099 
1438633228 8786 198 8 0 1 1 0 4815 5770 5118 4179 4843 4380 5966 3698 5363 6126 4740 5541 5659 4353 5930 5222 4928 5521 5211 5175 5207 4093 5382 5012 5441 4762 5123 5199 5955 5991 5630 6484 6099 23519 5346 5620 
1438633228 8786 199 8 0 1 1 0 4894 7988 5165 5326 4862 4933 5981 4386 5379 6776 4750 5204 5638 4220 5931 5301 4921 5608 5223 5088 5222 4254 5425 5779 5451 4806 5125 5183 5951 6047 5625 6541 5878 16246 5336 4958 
1438633228 8786 200 8 0 1 1 0 4908 8781 5194 6612 4941 7366 6003 5169 5408 7872 4788 6365 5666 4893 5906 4572 4920 5607 5213 5154 5238 5012 5425 5946 5432 4444 5118 4806 5937 5650 5606 6195 6033 21362 5363 5703 
1438633228 8786 201 8 0 1 1 0 4869 7277 5128 5161 4866 5023 5999 4725 5363 6506 4752 5331 5627 4000 5901 4375 4921 5597 5213 5139 5238 4802 5413 5176 5455 4870 5123 5354 5958 6067 5623 6626 5777 13407 5330 5093 
1438633228 8786 202 8 0 1 1 0 4860 6549 5138 4551 4902 5681 6002 4275 5397 7052 4777 5870 5626 4280 5908 4808 4919 5617 5219 5117 5202 3953 5408 5028 5426 4409 5110 4790 5944 5543 5611 6059 5853 15226 5347 5136 
1438633228 8786 203 8 0 1 1 0 4867 7421 5173 5743 4880 5721 5994 4521 5394 7086 4868 9363 5632 3788 5907 5074 4922 5615 5220 5090 5229 4557 5419 5693 5442 4657 5111 5089 5957 5886 5601 6542 6064 22460 5363 5901 
1438633228 8786 204 8 0 1 1 0 4819 6122 5108 4272 4861 4794 5975 3988 5393 6984 4786 6275 5636 4015 5930 5286 4921 5588 5221 5113 5234 4861 5432 5641 5437 4331 5104 4772 5930 5646 5616 6043 5861 15710 5333 5003 
1438633228 8786 205 8 0 1 1 0 4842 6552 5166 5929 4924 6425 5999 4908 5381 6689 4763 5360 5633 4189 5915 4982 4923 5578 5210 5174 5203 4126 5428 5655 5438 4617 5105 5052 5951 5790 5607 6414 6025 21015 5375 6245 
1438633228 8786 206 8 0 1 1 0 4842 6624 5143 5315 4887 5817 6009 4895 5379 7114 4758 5657 5658 4549 5892 4629 4912 5683 5224 5099 5229 4700 5399 4889 5456 4769 5129 5298 5954 6102 5636 6473 5860 15824 5333 5099 
1438633228 8786 207 8 0 1 1 0 4830 6489 5144 4804 4863 5093 5972 4033 5411 7726 4784 5872 5656 4571 5917 5025 4914 5653 5222 5103 5218 4372 5419 5480 5434 4384 5109 4842 5946 5517 5608 6123 6082 22631 5356 5596 
1438633228 8786 208 8 0 1 1 0 4851 6661 5140 4913 4870 5212 5994 4459 5382 6801 4769 5929 5703 6364 5937 5680 4918 5606 5231 5028 5231 4784 5385 5102 5440 4722 5108 5125 5946 5934 5605 6254 6459 34642 5383 6528 
1438633228 8786 209 8 0 1 1 0 4957 10120 5130 4804 4874 5135 5971 4019 5410 7289 4784 5982 5638 4365 5909 4909 4913 5630 5221 5121 5209 4452 5424 5266 5453 5037 5125 5487 5962 6260 5625 6960 6202 26732 5370 6077 
1438633228 8786 210 8 0 1 1 0 4835 5960 5123 4244 4864 5099 5970 3950 5383 6829 4780 6489 5684 4959 5920 5008 4926 5554 5217 5135 5237 4834 5405 5309 5460 4903 5119 5404 5950 6216 5626 6670 5953 18477 5342 4948 
1438633228 8786 211 8 0 1 1 0 4835 6626 5168 5900 4869 5081 5977 3764 5388 6792 4752 5389 5617 3672 5908 5243 4920 5616 5226 5085 5227 4255 5411 5361 5433 4484 5118 4791 5947 5630 5604 6197 6023 20724 5351 5463 
1438633228 8786 212 8 0 1 1 0 4809 5717 5145 5159 4877 5224 5970 4017 5409 7626 4778 5871 5684 5459 5908 5087 4918 5603 5208 5191 5226 4702 5381 5158 5432 4357 5106 4837 5945 5563 5608 6126 5920 17765 5347 5288 
1438633228 8786 213 8 0 1 1 0 4793 5489 5109 4004 4839 4223 5973 3880 5376 7048 4766 5540 5642 4206 5954 5942 4925 5547 5218 5117 5233 4470 5396 5312 5437 4726 5119 5162 5957 5921 5626 6470 5965 19060 5341 5479 
1438633228 8786 214 8 0 1 1 0 4864 7438 5145 5155 4872 5204 5992 4682 5380 6914 4760 5977 5649 4299 5908 5054 4912 5668 5224 5110 5229 4839 5427 5841 5451 4964 5118 5478 5955 6233 5635 6638 5877 16520 5342 5239 
1438633228 8786 215 8 0 1 1 0 4851 6942 5138 5150 4880 5514 6017 5032 5427 8174 4756 5456 5662 5542 5937 5467 4920 5598 5217 5106 5232 4913 5391 4974 5448 5126 5120 5586 5959 6297 5636 6727 6233 27888 5357 5872 
1438633229 8786 216 8 0 1 1 0 4841 6562 5140 4705 4931 6663 5979 4140 5393 7392 4768 5278 5671 5368 5907 4791 4914 5659 5218 5129 5226 4696 5406 5070 5452 5099 5127 5470 5962 6315 5645 6708 6053 21768 5334 4873 
1438633229 8786 217 8 0 1 1 0 4859 7222 5163 5398 4892 5924 6007 4721 5393 7278 4769 5851 5667 4326 5926 5027 4926 5585 5219 5116 5218 4467 5427 5905 5444 5026 5127 5567 5949 6271 5631 6733 5927 17672 5349 5143 
1438633229 8786 218 8 0 1 1 0 4845 6297 5138 4831 4870 5259 5982 4266 5395 7143 4759 5375 5645 4498 5904 4310 4909 5622 5224 5052 5224 4351 5426 5674 5435 4564 5102 4952 5941 5756 5609 6262 6093 22985 5334 5000 
1438633229 8786 219 8 0 1 1 0 4884 7733 5154 5043 4918 6208 6008 5076 5410 7846 4776 5928 5623 3857 5908 4853 4922 5599 5218 5130 5205 3959 5412 5106 5428 4383 5107 4789 5931 5631 5606 6031 5855 15621 5340 5137 
1438633229 8786 220 8 0 1 1 0 4880 7859 5146 5050 4884 5543 5954 3641 5407 7033 4753 5273 5657 4377 5905 4608 4937 5524 5218 5099 5212 4482 5435 5993 5436 4582 5113 4991 5942 5842 5611 6324 6070 22581 5375 6283 
1438633229 8786 221 8 0 1 1 0 4806 5438 5107 4162 4902 6141 5963 3751 5412 7655 4786 6057 5670 4587 5901 4606 4906 5711 5219 5099 5231 4807 5407 5316 5447 4538 5109 5091 5937 5944 5623 6340 6013 20618 5352 5474 
1438633229 8786 222 8 0 1 1 0 4843 7044 5154 5728 4882 5392 6006 4890 5408 7174 4762 5742 5642 4101 5922 5047 4925 5558 5221 5107 5212 3897 5398 4959 5458 4699 5122 5108 5949 6014 5626 6474 5940 18289 5336 5063 
1438633229 8786 223 8 0 1 1 0 4823 6155 5166 6092 4906 6032 5987 4213 5453 8846 4775 6022 5626 3848 5909 4744 4919 5590 5224 5059 5208 4348 5406 5006 5437 4546 5116 4978 5942 5833 5617 6319 5865 16066 5345 5094 
1438633229 8786 224 8 0 1 1 0 4806 5393 5144 5125 4854 4567 5970 3859 5380 6914 4754 5287 5617 3851 5901 4367 4925 5554 5211 5188 5227 4540 5419 5514 5431 4580 5101 5049 5941 5769 5626 6215 5721 11219 5333 4709 
1438633229 8786 225 8 0 1 1 0 4862 7151 5139 5069 4895 5848 5998 4825 5426 8206 4803 6754 5695 6077 5928 5317 4919 5619 5209 5179 5194 3801 5432 5779 5427 4679 5105 5088 5949 5813 5615 6303 6456 34721 5373 6398 
1438633229 8786 226 8 0 1 1 0 4805 5497 5114 3732 4832 4100 5956 3502 5408 7379 4757 5467 5636 4146 5908 4882 4922 5593 5218 5107 5223 4701 5392 4978 5458 5044 5124 5564 5957 6355 5633 6819 5752 12530 5333 4825 
1438633229 8786 227 8 0 1 1 0 4811 5677 5148 4830 4863 5031 5971 3696 5437 8219 4779 6105 5644 4178 5902 5091 4916 5634 5219 5097 5233 4649 5405 5086 5441 4534 5100 4943 5934 5767 5616 6249 5891 16712 5348 5148 
1438633229 8786 228 8 0 1 1 0 4860 7127 5119 4269 4873 5012 5971 3683 5376 6643 4762 5166 5630 3797 5910 4564 4920 5637 5219 5120 5209 4258 5383 4859 5450 4846 5112 5280 5953 5975 5607 6666 5812 14482 5338 5044 
1438633229 8786 229 8 0 1 1 0 4947 9874 5151 5432 4891 5749 5991 4891 5410 8178 4759 5158 5622 3797 5896 4325 4927 5577 5218 5124 5229 4759 5426 5891 5426 4320 5118 4779 5937 5562 5622 6114 5623 8129 5325 4652 
1438633229 8786 230 8 0 1 1 0 4865 7198 5128 4297 4855 4548 5966 3941 5392 7278 4768 5668 5637 4116 5917 4666 4921 5598 5223 5095 5233 5012 5421 5797 5471 5809 5134 5880 5949 6354 5627 6776 6074 22766 5354 5604 
1438633229 8786 231 8 0 1 1 0 4842 6351 5142 5102 4858 4817 5954 3864 5399 7028 4752 5209 5663 5260 5918 5201 4924 5539 5217 5137 5206 3794 5400 4812 5463 4900 5112 5454 5956 6193 5627 6660 5811 14400 5332 5084 
1438633229 8786 232 8 0 1 1 0 4808 5529 5131 4506 4863 5018 5972 4197 5456 9459 4783 5995 5614 3940 5901 4633 4918 5636 5223 5092 5232 4603 5403 4768 5458 5090 5127 5534 5962 6325 5629 6869 6047 21718 5361 5809 
1438633229 8786 233 8 0 1 1 0 4803 5549 5098 4060 4839 4699 5975 4023 5425 8028 4813 7389 5643 4104 5905 4486 4923 5588 5218 5144 5236 4707 5417 5426 5432 4341 5098 4836 5941 5584 5605 6118 5838 15098 5328 4940 
1438633229 8786 234 8 0 1 1 0 4883 8086 5256 8303 4900 5783 5991 4531 5414 7987 4753 5288 5632 4039 5906 4516 4926 5544 5209 5146 5233 4713 5431 5742 5435 4379 5100 4903 5947 5552 5617 6117 5871 16164 5346 5282 
1438633229 8786 235 8 0 1 1 0 4819 5613 5133 4565 4871 5487 5974 4233 5393 6938 4785 6103 5641 3992 5908 4896 4908 5707 5216 5150 5197 3964 5398 4824 5413 4545 5110 4792 5947 5480 5620 6030 5721 11495 5328 4570 
1438633229 8786 236 8 0 1 1 0 4857 7256 5168 5791 4865 4992 5975 4463 5361 6741 4763 5515 5654 4713 5923 5087 4933 5519 5225 5068 5211 4326 5420 5335 5431 4368 5094 4882 5940 5597 5604 5676 6126 24005 5342 5220 
1438633229 8786 237 8 0 1 1 0 4803 5751 5122 4193 4845 4724 5960 3485 5426 7912 4771 5903 5644 3824 5910 4538 4934 5514 5215 5161 5221 4235 5406 4887 5430 4795 5123 5108 5939 5908 5625 6467 5853 15502 5333 4929 
1438633229 8786 238 8 0 1 1 0 4897 8088 5169 5654 4915 6592 5998 4601 5422 7992 4784 6200 5639 4377 5954 6155 4924 5553 5220 5112 5206 4503 5413 5600 5430 4493 5101 4880 5939 5721 5612 6190 5978 19351 5363 5682 
1438633229 8786 239 8 0 1 1 0 4810 5227 5133 4560 4835 4227 5957 3357 5408 7345 4791 6118 5626 3873 5942 5658 4925 5559 5222 5110 5230 4599 5424 5697 5435 4826 5125 5084 5945 5949 5630 6396 5949 18422 5328 4954 
1438633229 8786 240 8 0 1 1 0 4827 6599 5137 4777 4889 5504 5985 4337 5378 6452 4753 5448 5651 4546 5914 4833 4930 5525 5222 5140 5208 4367 5399 5056 5422 4452 5100 4842 5925 5640 5597 6066 5860 16058 5334 5069 
1438633229 8786 241 8 0 1 1 0 4808 5486 5119 3944 4846 4182 5971 4034 5364 6324 4749 5366 5644 4532 5903 4425 4915 5627 5226 5053 5239 4938 5426 5991 5449 4727 5113 5229 5942 6025 5619 6369 5822 14581 5325 4633 
1438633229 8786 242 8 0 1 1 0 4808 5283 5127 4042 4857 4147 5982 4438 5405 6970 4768 5793 5658 5232 5936 5651 4915 5626 5229 5065 5227 4692 5433 5824 5434 4334 5103 4872 5934 5640 5605 6141 5998 20565 5340 5373 
1438633229 8786 243 8 0 1 1 0 4835 6478 5114 4219 4826 4168 5963 3626 5382 6419 4751 5327 5657 4417 5903 4480 4912 5645 5218 5126 5218 3904 5417 5268 5440 4800 5110 5266 5955 5973 5616 6251 5900 16643 5336 5086 
1438633229 8786 244 8 0 1 1 0 4823 5977 5135 4779 4874 5247 5985 4393 5365 6322 4759 5646 5665 4483 5932 5885 4917 5661 5209 5170 5238 4940 5409 5077 5441 4306 5105 4846 5939 5598 5612 6077 5865 15611 5332 4889 
1438633229 8786 245 8 0 1 1 0 4868 8037 5111 4165 4836 4352 5962 3456 5399 7205 4768 5814 5625 4000 5919 5123 4920 5623 5202 5209 5240 4900 5425 5821 5451 5138 5123 5541 5963 6280 5629 6798 5805 13881 5336 5091 
1438633229 8786 246 8 0 1 1 0 4860 7035 5130 4694 4931 7021 5957 3955 5436 8685 4800 6410 5681 5188 5923 5037 4917 5619 5220 5119 5228 4929 5401 5021 5437 4418 5110 4934 5926 5682 5601 6194 6143 24638 5356 5636 
1438633229 8786 247 8 0 1 1 0 4857 6533 5164 5450 4921 6939 6029 6247 5346 6242 4757 5553 5680 5187 5915 5460 4920 5617 5228 5051 5205 3790 5420 5245 5455 5075 5128 5602 5961 6287 5635 6833 6118 23680 5358 5833 
1438633229 8786 248 8 0 1 1 0 4837 6830 5132 4773 4898 6328 5972 4202 5504 10626 4821 7556 5672 5185 5931 5146 4917 5648 5208 5190 5215 3726 5392 4912 5432 4571 5108 5054 5936 5796 5619 6206 6550 37213 5428 7534 
1438633229 8786 249 8 0 1 1 0 4821 6140 5157 6011 4880 5910 5996 4690 5408 7578 4742 5286 5633 4144 5909 5387 4915 5625 5213 5151 5240 4610 5400 4729 5452 4754 5117 5247 5946 6127 5585 5869 6242 27773 5373 6208 
1438633229 8786 250 8 0 1 1 0 4807 5797 5151 5651 4865 4984 5979 4619 5409 7248 4770 6103 5668 4850 5925 5237 4930 5556 5227 5061 5208 4209 5424 5884 5439 4484 5116 4972 5943 5765 5611 6221 6176 25783 5356 5522 
1438633229 8786 251 8 0 1 1 0 4888 8401 5140 4655 4875 4822 5974 3879 5506 10449 4793 6627 5654 5030 5938 5504 4920 5604 5223 5098 5238 4602 5426 5753 5431 4353 5116 4783 5940 5589 5601 6173 6274 28934 5375 6079 
1438633229 8786 252 8 0 1 1 0 4830 5863 5126 4130 4873 5042 5975 3821 5366 6453 4795 6723 5656 4582 5952 5712 4912 5666 5213 5155 5210 4039 5397 4828 5438 4421 5108 4994 5940 5665 5611 6187 5968 19222 5347 5395 
1438633229 8786 253 8 0 1 1 0 4833 5951 5154 5383 4876 5380 5995 4397 5410 7344 4769 5486 5631 3806 5883 4754 4927 5570 5227 5058 5229 4338 5416 5722 5451 4259 5098 4917 5947 5579 5609 6176 5889 16826 5348 5478 
1438633229 8786 254 8 0 1 1 0 4905 8768 5175 6015 4854 4663 5973 3603 5423 7801 4762 5317 5631 4037 5922 5731 4918 5629 5214 5186 5209 4319 5431 5928 5456 5081 5125 5546 5954 6387 5631 6843 6182 26272 5362 5968 
1438633229 8786 255 8 0 1 1 0 4813 5828 5128 4604 4859 4650 5979 3918 5427 8571 4778 5999 5671 5153 5907 4379 4917 5623 5219 5104 5213 4054 5419 5398 5446 4941 5129 5345 5972 6126 5633 6669 5892 16499 5338 4946 
1438633229 8786 0 8 0 1 1 0 4832 5768 5124 4157 4864 4799 5981 4309 5408 7979 4789 6467 5644 4545 5929 5028 4918 5624 5220 5116 5220 4336 5400 5407 5433 4711 5132 4953 5944 5876 5600 6475 6248 27855 5373 6211 
1438633229 8786 1 8 0 1 1 0 4803 5238 5128 4191 4848 4639 5975 3806 5393 7414 4752 5751 5636 3950 5929 5067 4929 5524 5222 5089 5219 4472 5403 4819 5459 5034 5123 5518 5954 6284 5632 6760 5820 14377 5344 4982 
1438633229 8786 2 8 0 1 1 0 4856 7155 5122 4182 4830 4347 5970 3672 5396 7522 4814 6727 5661 4617 5962 6090 4907 5683 5223 5138 5227 4206 5419 5736 5434 4318 5110 4690 5936 5502 5602 6165 6185 26079 5368 5864 
1438633229 8786 3 8 0 1 1 0 5002 11644 5172 5577 4873 5477 5990 4501 5410 7249 4755 5723 5652 3772 5904 4802 4921 5576 5220 5094 5215 4370 5432 5907 5434 4432 5101 4922 5948 5540 5605 6156 6016 20664 5350 5448 
1438633229 8786 4 8 0 1 1 0 4845 6506 5156 5451 4890 5727 5990 4418 5392 6961 4768 5551 5638 4122 5898 4545 4918 5611 5216 5158 5234 4924 5395 4875 5435 4433 5106 4876 5937 5631 5614 6119 5987 19865 5337 5164 
1438633229 8786 5 8 0 1 1 0 4862 7263 5161 5834 4896 6320 6009 4822 5408 6990 4782 6184 5644 4444 6004 7167 4909 5634 5220 5138 5203 3786 5404 4798 5441 4318 5111 4838 5937 5703 5612 6241 5901 17085 5346